################################################################################################################################
################################################################################################################################
# Training data size: (17770, 300); query size: (1000, 300).
# Metric: euclid_norm, #PQ Tables:256.
# Training time:1235.7999324798584.
# Encoding time:67.41144824028015.
# Query time:277.85824275016785.
################################################################################################################################
################################################################################################################################
+----------------+--------------+---------------------+---------------------+-----------+-----------+
| Expected Items | Overall time |      AVG Recall     |    AVG precision    | AVG error | AVG items |
+----------------+--------------+---------------------+---------------------+-----------+-----------+
|       1        |      0       |        0.034        |         0.68        |     0     |     1     |
|       2        |      0       |       0.06205       |        0.6205       |     0     |     2     |
|       4        |      0       | 0.10815000000000001 |  0.5407500000000001 |     0     |     4     |
|       8        |      0       | 0.18305000000000002 | 0.45762500000000006 |     0     |     8     |
|       16       |      0       | 0.28855000000000003 | 0.36068750000000005 |     0     |     16    |
|       32       |      0       | 0.41864999999999997 |      0.26165625     |     0     |     32    |
|       64       |      0       |       0.56875       |     0.177734375     |     0     |     64    |
|      128       |      0       |       0.72645       |     0.1135078125    |     0     |    128    |
|      256       |      0       |       0.87625       |    0.06845703125    |     0     |    256    |
|      512       |      0       |        0.9668       |     0.037765625     |     0     |    512    |
|      1024      |      0       |       0.99475       |   0.0194287109375   |     0     |    1024   |
|      2048      |      0       |       0.99905       |   0.00975634765625  |     0     |    2048   |
|      4096      |      0       |  0.9996499999999999 |  0.004881103515625  |     0     |    4096   |
|      8192      |      0       |       0.99985       |  0.0024410400390625 |     0     |    8192   |
|     16384      |      0       |         1.0         |    0.001220703125   |     0     |   16384   |
|     32768      |      0       |         1.0         |   0.0006103515625   |     0     |   32768   |
+----------------+--------------+---------------------+---------------------+-----------+-----------+